,E,lng(E),H(E)
0,-0.001953125,11278.43565750122,0.2083595223130107
1,-0.0019493065738025415,11285.153695866466,0.3304132620993086
2,-0.001945488147605083,11285.796435251832,0.37621778755499685
3,-0.0019416697214076246,11291.357933819294,0.3265241986172219
4,-0.0019378512952101662,11292.691796466708,0.32844908862350725
5,-0.0019340328690127077,11297.223528712988,0.27930546825895664
6,-0.0019302144428152493,11298.896018341184,0.2886156505342552
7,-0.0019263960166177908,11302.747717946768,0.3509585166561911
8,-0.0019225775904203324,11304.77545490861,0.36250785669390323
9,-0.001918759164222874,11308.17436246574,0.37511785040854806
10,-0.0019149407380254155,11310.42401316762,0.3632935260842238
11,-0.001911122311827957,11313.472670853138,0.3499371464487744
12,-0.0019073038856304986,11315.807165250182,0.370796668761785
13,-0.0019034854594330401,11318.659623607993,0.3805389692017599
14,-0.0018996670332355817,11321.021686807275,0.4254792583280955
15,-0.0018958486070381232,11323.676302239299,0.3505263984915148
16,-0.0018920301808406648,11326.070168837905,0.31069296040226274
17,-0.0018882117546432063,11328.642717808485,0.3142677561282212
18,-0.0018843933284457479,11331.025638327003,0.32263513513513514
19,-0.0018805749022482894,11333.520707815886,0.32573852922690133
20,-0.001876756476050831,11335.928513109684,0.3426304211187932
21,-0.0018729380498533725,11338.365727871656,0.36808610936517916
22,-0.001869119623655914,11340.752079769969,0.32404934003771213
23,-0.0018653011974584556,11343.11861436069,0.38116750471401634
24,-0.0018614827712609971,11345.510594293475,0.3825817096165933
25,-0.0018576643450635387,11347.854056820273,0.37150377121307354
26,-0.0018538459188660802,11350.18289744854,0.3497014456316782
27,-0.0018500274926686218,11352.503151863813,0.2892834695160277
28,-0.0018462090664711633,11354.791131705046,0.3892991829038341
29,-0.0018423906402737049,11357.06374052167,0.30672532998114393
30,-0.0018385722140762464,11359.350110605359,0.3843887492143306
31,-0.001834753787878788,11361.540963321924,0.3859208045254557
32,-0.0018309353616813295,11363.78389081359,0.3943274670018856
33,-0.001827116935483871,11366.003374397755,0.3765713387806411
34,-0.0018232985092864126,11368.227797791362,0.3980593966059082
35,-0.0018194800830889542,11370.404645383358,0.45560967944688874
36,-0.0018156616568914957,11372.625818938017,0.41373350094280326
37,-0.001811843230694037,11374.83195695281,0.4484600879949717
38,-0.0018080248044965786,11376.951921984553,0.4682196731615336
39,-0.0018042063782991202,11379.18194834888,0.40630892520427403
40,-0.0018003879521016617,11381.299821332097,0.41550125707102453
41,-0.0017965695259042032,11383.460543423891,0.43133249528598366
42,-0.0017927510997067448,11385.616906255484,0.40768384663733503
43,-0.0017889326735092863,11387.777595371008,0.4734443746071653
44,-0.0017851142473118279,11389.87743395567,0.4392677561282212
45,-0.0017812958211143694,11391.98282198608,0.5009035197988686
46,-0.001777477394916911,11394.077978610992,0.45058139534883723
47,-0.0017736589687194525,11396.161058425903,0.47423004399748586
48,-0.001769840542521994,11398.244518846273,0.5293840351979887
49,-0.0017660221163245356,11400.328070372343,0.4391891891891892
50,-0.0017622036901270772,11402.404763579369,0.4938717787554997
51,-0.0017583852639296187,11404.477691873908,0.45219201759899436
52,-0.0017545668377321603,11406.554970413446,0.4917504714016342
53,-0.0017507484115347018,11408.598288178444,0.5100565681961031
54,-0.0017469299853372434,11410.658363252878,0.561046511627907
55,-0.001743111559139785,11412.678978770971,0.6228786926461345
56,-0.0017392931329423265,11414.710013151169,0.653441231929604
57,-0.001735474706744868,11416.72123412788,0.7004635449402892
58,-0.0017316562805474096,11418.751863509417,0.7637492143306097
59,-0.001727837854349951,11420.78869009018,0.725801382778127
60,-0.0017240194281524927,11422.785307601094,0.7446967316153362
61,-0.0017202010019550342,11424.75843898952,0.7758878064110623
62,-0.0017163825757575758,11426.773546889424,0.7424182903834067
63,-0.0017125641495601173,11428.76317973435,0.7833516656191075
64,-0.0017087457233626588,11430.781327292323,0.7237193588937775
65,-0.0017049272971652004,11432.739422217011,0.7327545568824638
66,-0.001701108870967742,11434.724332883954,0.7787162162162162
67,-0.0016972904447702835,11436.700626939535,0.7195160276555626
68,-0.001693472018572825,11438.67893947661,0.7413183532369579
69,-0.0016896535923753666,11440.624955892563,0.6737900691389064
70,-0.0016858351661779081,11442.583941280842,0.6674261470773099
71,-0.0016820167399804497,11444.536183714867,0.6632620993086109
72,-0.0016781983137829912,11446.496189773083,0.6674261470773099
73,-0.0016743798875855328,11448.429821804166,0.6667583280955374
74,-0.0016705614613880743,11450.374159500003,0.7041561910747958
75,-0.0016667430351906159,11452.321130990982,0.6410276555625393
76,-0.0016629246089931574,11454.277709692717,0.7129164047768699
77,-0.001659106182795699,11456.191473528743,0.6702152734129478
78,-0.0016552877565982405,11458.12881243229,0.7177875549968573
79,-0.001651469330400782,11460.065244555473,0.731536769327467
80,-0.0016476509042033236,11461.95754981041,0.7877121307353866
81,-0.0016438324780058652,11463.883587256074,0.7388042111879322
82,-0.0016400140518084067,11465.81055702269,0.7292976115650535
83,-0.0016361956256109483,11467.736577227712,0.7704666876178504
84,-0.0016323771994134898,11469.610538944602,0.8389770584538027
85,-0.0016285587732160314,11471.49354185164,0.81823538654934
86,-0.001624740347018573,11473.380495667458,0.849465744814582
87,-0.0016209219208211144,11475.290181338787,0.8512727844123193
88,-0.0016171034946236558,11477.172510653734,0.8329666876178504
89,-0.0016132850684261973,11479.064920797944,0.8374057196731616
90,-0.0016094666422287389,11480.95572514832,0.8211423632935261
91,-0.0016056482160312804,11482.816101267934,0.8363057825267127
92,-0.001601829789833822,11484.679930254817,0.8124214330609679
93,-0.0015980113636363635,11486.551191404462,0.8355201131363922
94,-0.001594192937438905,11488.398700639606,0.8718966059082338
95,-0.0015903745112414466,11490.281529039145,0.8724858579509742
96,-0.0015865560850439882,11492.13622868061,0.920411690760528
97,-0.0015827376588465297,11494.00782249868,0.9844830295411691
98,-0.0015789192326490713,11495.859947904944,0.941742614707731
99,-0.0015751008064516128,11497.699963003397,0.9079981143934632
100,-0.0015712823802541544,11499.553404703736,0.8740964802011314
101,-0.001567463954056696,11501.398329034448,0.8789676304211188
102,-0.0015636455278592374,11503.21527248621,0.8986486486486487
103,-0.001559827101661779,11505.075617283583,0.9164047768698932
104,-0.0015560086754643205,11506.91628961265,0.8697752985543683
105,-0.001552190249266862,11508.752640426159,0.9109836580766814
106,-0.0015483718230694036,11510.569206550717,0.9387570710245129
107,-0.0015445533968719452,11512.422988429666,0.8682039597737272
108,-0.0015407349706744867,11514.252525657415,0.8737429289754871
109,-0.0015369165444770283,11516.083213761449,0.8973522941546197
110,-0.0015330981182795698,11517.914674341679,0.8888277812696417
111,-0.0015292796920821114,11519.725941032171,0.9142049025769956
112,-0.001525461265884653,11521.556005522609,0.903401948460088
113,-0.0015216428396871945,11523.376807525754,0.9008878064110623
114,-0.001517824413489736,11525.194301471114,0.9223365807668134
115,-0.0015140059872922776,11526.983968883753,0.9263827781269641
116,-0.0015101875610948191,11528.805070132017,0.8725644248900063
117,-0.0015063691348973607,11530.620249330997,0.8881206788183532
118,-0.0015025507086999022,11532.43991176784,0.8564974858579509
119,-0.0014987322825024438,11534.20941221714,0.9125549968573224
120,-0.0014949138563049853,11536.035570979118,0.8433375235700817
121,-0.0014910954301075269,11537.813358455896,0.8907919547454431
122,-0.0014872770039100684,11539.596658453345,0.9651555625392835
123,-0.00148345857771261,11541.40295086801,0.9482636706473916
124,-0.0014796401515151515,11543.1972438097,0.9937146448774355
125,-0.001475821725317693,11544.986209020019,0.9722265870521685
126,-0.0014720032991202346,11546.78304284811,0.9723444374607165
127,-0.0014681848729227761,11548.54889151454,1.0
128,-0.0014643664467253177,11550.342618763447,0.9609522313010685
129,-0.0014605480205278592,11552.134407445788,0.9354572595851666
130,-0.0014567295943304008,11553.93368256092,0.9427247014456317
131,-0.0014529111681329423,11555.726344317198,0.9461816467630421
132,-0.0014490927419354839,11557.50824007392,0.9343180389692017
133,-0.0014452743157380254,11559.283554852009,0.947438717787555
134,-0.001441455889540567,11561.080741241574,0.9726194217473287
135,-0.0014376374633431085,11562.839910179377,0.9646448774355751
136,-0.00143381903714565,11564.600766509771,0.9306253928346951
137,-0.0014300006109481916,11566.37292817235,0.9484600879949717
138,-0.0014261821847507332,11568.1533819139,0.9278755499685732
139,-0.0014223637585532747,11569.910552591085,0.8854494028912634
140,-0.0014185453323558163,11571.690766304731,0.9605593966059083
141,-0.0014147269061583578,11573.446161091328,0.8946417347580138
142,-0.0014109084799608994,11575.187365293503,0.8766499057196732
143,-0.001407090053763441,11576.954262197018,0.8432589566310497
144,-0.0014032716275659825,11578.703498274088,0.8178032683846638
145,-0.001399453201368524,11580.457463771105,0.838152105593966
146,-0.0013956347751710656,11582.198253303766,0.838152105593966
147,-0.001391816348973607,11583.960336357355,0.7785983658076682
148,-0.0013879979227761487,11585.712061420083,0.7701524198617222
149,-0.0013841794965786902,11587.48498044908,0.727176304211188
150,-0.0013803610703812317,11589.23887103796,0.7488214959145192
151,-0.0013765426441837733,11591.000104740262,0.7158626649905719
152,-0.0013727242179863148,11592.755269929767,0.6870285983658077
153,-0.0013689057917888564,11594.519133359194,0.6748900062853551
154,-0.001365087365591398,11596.268017485738,0.6842001885606537
155,-0.0013612689393939395,11598.03654883802,0.6508878064110623
156,-0.001357450513196481,11599.782564669847,0.63340666247643
157,-0.0013536320869990226,11601.521700307727,0.6603158390949089
158,-0.0013498136608015641,11603.24096442759,0.6357243871778756
159,-0.0013459952346041057,11604.984285980463,0.6198145820238844
160,-0.0013421768084066472,11606.715736836195,0.6501414204902577
161,-0.0013383583822091888,11608.447037905455,0.65061282212445
162,-0.0013345399560117303,11610.17936180532,0.6262963544940289
163,-0.0013307215298142719,11611.91025197506,0.6407133878064111
164,-0.0013269031036168134,11613.627840101719,0.6223287240729101
165,-0.001323084677419355,11615.35736809671,0.6160826524198617
166,-0.0013192662512218965,11617.087198287249,0.5736957888120678
167,-0.001315447825024438,11618.811297416687,0.5868164676304212
168,-0.0013116293988269796,11620.544406354427,0.5685103708359522
169,-0.0013078109726295212,11622.247925773263,0.5480436832181018
170,-0.0013039925464320627,11623.957030847669,0.5729494028912634
171,-0.0013001741202346043,11625.676431670785,0.6007620993086109
172,-0.0012963556940371458,11627.382104068995,0.6149434318038969
173,-0.0012925372678396873,11629.098557770252,0.5743243243243243
174,-0.001288718841642229,11630.835993781686,0.5654855436832181
175,-0.0012849004154447704,11632.543889924884,0.5855986800754243
176,-0.0012810819892473118,11634.298580929637,0.525652105593966
177,-0.0012772635630498533,11636.010837167501,0.5271841609050911
178,-0.0012734451368523949,11637.722731888294,0.529934003771213
179,-0.0012696267106549364,11639.441612616181,0.5543290383406663
180,-0.001265808284457478,11641.160243183374,0.5351194217473287
181,-0.0012619898582600195,11642.86234433949,0.5636785040854808
182,-0.001258171432062561,11644.568015113473,0.5518148962916405
183,-0.0012543530058651026,11646.26374387741,0.5449402891263356
184,-0.0012505345796676442,11647.950954437256,0.5916876178504086
185,-0.0012467161534701857,11649.658834859729,0.5589644877435576
186,-0.0012428977272727273,11651.359115466475,0.6344673161533627
187,-0.0012390793010752688,11653.063771545887,0.5721244500314268
188,-0.0012352608748778103,11654.764771580696,0.5591609050911377
189,-0.001231442448680352,11656.482793524861,0.5562146448774355
190,-0.0012276240224828934,11658.17116971314,0.5490650534255186
191,-0.001223805596285435,11659.848461806774,0.5542897548711502
192,-0.0012199871700879765,11661.56064325571,0.4913576367064739
193,-0.001216168743890518,11663.238657176495,0.494343180389692
194,-0.0012123503176930596,11664.914207875729,0.46032369578881205
195,-0.0012085318914956012,11666.587529823184,0.5001178504085481
196,-0.0012047134652981427,11668.288803830743,0.49878221244500315
197,-0.0012008950391006843,11669.95669786632,0.4950109993714645
198,-0.0011970766129032258,11671.634999841452,0.47069453174104336
199,-0.0011932581867057674,11673.310874328017,0.47379792583280955
200,-0.001189439760508309,11675.005589693785,0.46582338152105596
201,-0.0011856213343108505,11676.70810905099,0.41821181646763045
202,-0.001181802908113392,11678.377871870995,0.42787554996857324
203,-0.0011779844819159336,11680.05004401505,0.3982165304839723
204,-0.0011741660557184751,11681.739272862673,0.38772784412319294
205,-0.0011703476295210167,11683.39550369978,0.3955845380263985
206,-0.0011665292033235582,11685.054252043366,0.4349858579509742
207,-0.0011627107771260998,11686.72597847879,0.4191939032055311
208,-0.0011588923509286413,11688.36644770205,0.41212287869264613
209,-0.0011550739247311826,11690.051143303514,0.41880106851037086
210,-0.0011512554985337242,11691.698407426476,0.4331002514142049
211,-0.0011474370723362657,11693.359687179327,0.4391891891891892
212,-0.0011436186461388073,11695.023419588804,0.4072124450031427
213,-0.0011398002199413488,11696.676600649953,0.39310967944688874
214,-0.0011359817937438904,11698.302923336625,0.3876885606536769
215,-0.001132163367546432,11699.921115025878,0.3916169076052797
216,-0.0011283449413489735,11701.549136906862,0.4084695160276556
217,-0.001124526515151515,11703.198904201388,0.4234365179132621
218,-0.0011207080889540566,11704.834262862802,0.44873507228158394
219,-0.0011168896627565981,11706.440574169159,0.4629164047768699
220,-0.0011130712365591397,11708.064305707812,0.4649984286612194
221,-0.0011092528103616812,11709.692943572998,0.46841609050911376
222,-0.0011054343841642228,11711.317075654864,0.48063324952859837
223,-0.0011016159579667643,11712.92203117907,0.4897470144563168
224,-0.0010977975317693059,11714.55300758779,0.46664833438089254
225,-0.0010939791055718474,11716.156540557742,0.4921040226272784
226,-0.001090160679374389,11717.755314067006,0.4921825895663105
227,-0.0010863422531769305,11719.359724536538,0.48173318667504716
228,-0.001082523826979472,11720.960773393512,0.46436989314896293
229,-0.0010787054007820136,11722.517961800098,0.4882149591451917
230,-0.0010748869745845551,11724.135201349854,0.47387649277184163
231,-0.0010710685483870967,11725.709115967155,0.4642127592708988
232,-0.0010672501221896382,11727.280094057322,0.49811439346323066
233,-0.0010634316959921798,11728.879310682416,0.46892677561282214
234,-0.0010596132697947213,11730.448913127184,0.4604808296668762
235,-0.0010557948435972629,11732.050170332193,0.45034569453174106
236,-0.0010519764173998044,11733.628554850817,0.44461030798240103
237,-0.001048157991202346,11735.207258686423,0.4323931489629164
238,-0.0010443395650048875,11736.788247793913,0.4022627278441232
239,-0.001040521138807429,11738.35558256507,0.41514770584538024
240,-0.0010367027126099706,11739.927422821522,0.420411690760528
241,-0.0010328842864125122,11741.500229030848,0.3916561910747957
242,-0.0010290658602150537,11743.03513751924,0.38572438717787555
243,-0.0010252474340175953,11744.589414849877,0.3741750471401634
244,-0.0010214290078201368,11746.163398623466,0.3405091137649277
245,-0.0010176105816226784,11747.708745718002,0.3294311753614079
246,-0.00101379215542522,11749.259159743786,0.3607008170961659
247,-0.0010099737292277615,11750.818101286888,0.3467159019484601
248,-0.001006155303030303,11752.380152791739,0.33603079824010057
249,-0.0010023368768328446,11753.930837765336,0.35021213073538654
250,-0.000998518450635386,11755.451435670257,0.3531191074795726
251,-0.0009947000244379276,11756.972070246935,0.35732243871778757
252,-0.0009908815982404692,11758.503162071109,0.3397627278441232
253,-0.0009870631720430107,11760.052749678493,0.3620757385292269
254,-0.0009832447458455523,11761.567895203829,0.3618007542426147
255,-0.0009794263196480938,11763.093357354403,0.36722187303582654
256,-0.0009756078934506354,11764.59685370326,0.35802954116907604
257,-0.0009717894672531769,11766.111365452409,0.34636235072281585
258,-0.0009679710410557185,11767.609027445316,0.3698931489629164
259,-0.00096415261485826,11769.129486218095,0.38234600879949715
260,-0.0009603341886608016,11770.639067485929,0.37865336266499056
261,-0.0009565157624633431,11772.125305846334,0.3720537397862979
262,-0.0009526973362658847,11773.628425776958,0.3586580766813325
263,-0.0009488789100684262,11775.116433680058,0.36132935260842236
264,-0.0009450604838709678,11776.59674538672,0.3441624764299183
265,-0.0009412420576735093,11778.065711975098,0.34962287869264613
266,-0.0009374236314760509,11779.558678343892,0.3446338780641106
267,-0.0009336052052785924,11781.022153064609,0.38046040226272787
268,-0.000929786779081134,11782.495039895177,0.37276084223758643
269,-0.0009259683528836755,11783.966960504651,0.31446417347580136
270,-0.0009221499266862171,11785.414208069444,0.32648491514770583
271,-0.0009183315004887586,11786.861629113555,0.35115493400377124
272,-0.0009145130742913002,11788.338346630335,0.332416719044626
273,-0.0009106946480938417,11789.797891765833,0.3299811439346323
274,-0.0009068762218963832,11791.2321446836,0.3106536769327467
275,-0.0009030577956989248,11792.688944324851,0.30354336895034567
276,-0.0008992393695014663,11794.135700657964,0.3055075424261471
277,-0.0008954209433040079,11795.586514994502,0.2814660590823381
278,-0.0008916025171065494,11797.014048442245,0.3029148334380892
279,-0.000887784090909091,11798.436191171408,0.28889063482086735
280,-0.0008839656647116325,11799.859042227268,0.29549025769956
281,-0.0008801472385141741,11801.26603256166,0.2959223758642363
282,-0.0008763288123167156,11802.710047498345,0.2817017598994343
283,-0.0008725103861192572,11804.14065912366,0.29439032055311126
284,-0.0008686919599217987,11805.551193282008,0.30236486486486486
285,-0.0008648735337243403,11806.95844693482,0.31823538654934
286,-0.0008610551075268818,11808.352895826101,0.3190603394091766
287,-0.0008572366813294234,11809.738393485546,0.3313953488372093
288,-0.0008534182551319649,11811.145112276077,0.32236015084852293
289,-0.0008495998289345062,11812.522423908114,0.33795568824638594
290,-0.0008457814027370478,11813.921240657568,0.32675989943431805
291,-0.0008419629765395893,11815.299694299698,0.3473444374607165
292,-0.0008381445503421309,11816.674791872501,0.3136392206159648
293,-0.0008343261241446724,11818.038212656975,0.3213387806411062
294,-0.000830507697947214,11819.401151180267,0.302561282212445
295,-0.0008266892717497555,11820.77169150114,0.2990257699560025
296,-0.0008228708455522971,11822.103565365076,0.3115179132620993
297,-0.0008190524193548386,11823.474816918373,0.28291954745443115
298,-0.0008152339931573802,11824.854245841503,0.29226901319924575
299,-0.0008114155669599217,11826.18995732069,0.2747485857950974
300,-0.0008075971407624633,11827.539874359965,0.27620207416719045
301,-0.0008037787145650048,11828.89554835856,0.26457416719044624
302,-0.0007999602883675464,11830.210365399718,0.26920961659333753
303,-0.0007961418621700879,11831.543720036745,0.2771055939660591
304,-0.0007923234359726295,11832.877548351884,0.2635527969830295
305,-0.000788505009775171,11834.199159130454,0.26779541169076054
306,-0.0007846865835777126,11835.528668671846,0.27592708988057824
307,-0.0007808681573802541,11836.810107141733,0.2900691389063482
308,-0.0007770497311827957,11838.124713867903,0.2859050911376493
309,-0.0007732313049853372,11839.410908684134,0.29875078566939034
310,-0.0007694128787878788,11840.706980988383,0.30959302325581395
311,-0.0007655944525904203,11842.010021045804,0.29262256442489
312,-0.0007617760263929619,11843.322817340493,0.3004006913890635
313,-0.0007579576001955034,11844.622868359089,0.29509742300439973
314,-0.000754139173998045,11845.905483484268,0.30664676304211186
315,-0.0007503207478005865,11847.203523039818,0.31018227529855436
316,-0.000746502321603128,11848.465176284313,0.3085323695788812
317,-0.0007426838954056696,11849.725922480226,0.3348130106851037
318,-0.0007388654692082111,11850.976880714297,0.3421983029541169
319,-0.0007350470430107527,11852.22236520052,0.3489157762413576
320,-0.0007312286168132942,11853.486609116197,0.34793368950345693
321,-0.0007274101906158358,11854.726912379265,0.3570867379006914
322,-0.0007235917644183773,11855.950064241886,0.35221558768070393
323,-0.0007197733382209189,11857.19294589758,0.34467316153362665
324,-0.0007159549120234604,11858.408405989408,0.3726429918290383
325,-0.000712136485826002,11859.63226981461,0.3890241986172219
326,-0.0007083180596285435,11860.867094889283,0.39963073538654936
327,-0.0007044996334310851,11862.095767766237,0.40650534255185417
328,-0.0007006812072336266,11863.3113219738,0.3992771841609051
329,-0.0006968627810361682,11864.528639376163,0.36965744814582024
330,-0.0006930443548387097,11865.7342248559,0.3802639849151477
331,-0.0006892259286412513,11866.933118492365,0.36132935260842236
332,-0.0006854075024437928,11868.120402887464,0.34809082338152103
333,-0.0006815890762463344,11869.314476177096,0.3491907605279698
334,-0.0006777706500488759,11870.507218107581,0.35351194217473286
335,-0.0006739522238514175,11871.682968273759,0.3828959773727216
336,-0.000670133797653959,11872.870102629066,0.37370364550597107
337,-0.0006663153714565005,11874.050783619285,0.3487193588937775
338,-0.0006624969452590421,11875.22269231081,0.3502514142049026
339,-0.0006586785190615836,11876.381480708718,0.35335480829666877
340,-0.0006548600928641252,11877.542418852448,0.35602608422375864
341,-0.0006510416666666667,11878.71205277741,0.3286847894406034
342,-0.0006472232404692083,11879.85871359706,0.3419233186675047
343,-0.0006434048142717498,11880.997761696577,0.34129478315524825
344,-0.0006395863880742914,11882.13851852715,0.3300989943431804
345,-0.0006357679618768329,11883.270281165838,0.3284098051539912
346,-0.0006319495356793745,11884.394539296627,0.32204588309239474
347,-0.000628131109481916,11885.52113416791,0.33060967944688874
348,-0.0006243126832844576,11886.647749379277,0.3114000628535512
349,-0.0006204942570869991,11887.770056650043,0.29882935260842236
350,-0.0006166758308895407,11888.884052693844,0.2865336266499057
351,-0.0006128574046920822,11889.962969601154,0.30531112507856695
352,-0.0006090389784946235,11891.057818174362,0.28614079195474545
353,-0.0006052205522971651,11892.1554248631,0.2960402262727844
354,-0.0006014021260997066,11893.239316180348,0.28955845380263984
355,-0.0005975836999022482,11894.311102807522,0.3031112507856694
356,-0.0005937652737047897,11895.380304157734,0.3150534255185418
357,-0.0005899468475073313,11896.439934149384,0.31344280326838464
358,-0.0005861284213098728,11897.504186019301,0.31799968573224385
359,-0.0005823099951124144,11898.577493876219,0.31568196103079826
360,-0.0005784915689149559,11899.624999150634,0.33442017598994345
361,-0.0005746731427174975,11900.695637449622,0.30260056568196103
362,-0.000570854716520039,11901.730526030064,0.3115179132620993
363,-0.0005670362903225806,11902.749556913972,0.32247800125707105
364,-0.0005632178641251221,11903.790987864137,0.3447910119421747
365,-0.0005593994379276637,11904.807149156928,0.3625471401634192
366,-0.0005555810117302052,11905.843206450343,0.3564189189189189
367,-0.0005517625855327468,11906.854083418846,0.3725644248900063
368,-0.0005479441593352883,11907.852179855108,0.3559082338152106
369,-0.0005441257331378299,11908.841787204146,0.36773255813953487
370,-0.0005403073069403714,11909.831568971276,0.380696103079824
371,-0.000536488880742913,11910.812491223216,0.4015949088623507
372,-0.0005326704545454545,11911.799471333623,0.416129792583281
373,-0.000528852028347996,11912.77646958828,0.4203331238214959
374,-0.0005250336021505376,11913.75868089497,0.39860936517913265
375,-0.0005212151759530791,11914.727990403771,0.3885527969830295
376,-0.0005173967497556207,11915.691106587648,0.3881206788183532
377,-0.0005135783235581622,11916.637926667929,0.4095694531741043
378,-0.0005097598973607038,11917.591418415308,0.4050911376492772
379,-0.0005059414711632453,11918.528157711029,0.42080452545568825
380,-0.0005021230449657869,11919.466425433755,0.41557982401005655
381,-0.0004983046187683284,11920.394748538733,0.4225329981143935
382,-0.00049448619257087,11921.321840450168,0.42351508485229417
383,-0.0004906677663734115,11922.255775466561,0.43671433060967946
384,-0.0004868493401759531,11923.172627806664,0.4213544940289126
385,-0.00048303091397849463,11924.083836600184,0.4455923947203017
386,-0.0004792124877810362,11924.967981308699,0.4725801382778127
387,-0.0004753940615835777,11925.85486984253,0.47917976115650535
388,-0.00047157563538611927,11926.756218671799,0.4574952859836581
389,-0.0004677572091886608,11927.636770188808,0.46362350722815837
390,-0.00046393878299120237,11928.520654186606,0.4485779384035198
391,-0.0004601203567937439,11929.392759293318,0.4343966059082338
392,-0.00045630193059628546,11930.25507953763,0.4285040854808297
393,-0.000452483504398827,11931.114164337516,0.42650062853551224
394,-0.00044866507820136856,11931.966118484735,0.4274041483343809
395,-0.0004448466520039101,11932.806068643928,0.4295647391577624
396,-0.00044102822580645165,11933.641697660089,0.41777969830295414
397,-0.0004372097996089932,11934.48388826847,0.4109050911376493
398,-0.00043339137341153475,11935.317756339908,0.40701602765556255
399,-0.0004295729472140763,11936.16214619577,0.4116514770584538
400,-0.00042575452101661785,11936.990579664707,0.413340666247643
401,-0.0004219360948191594,11937.806198582053,0.406230358265242
402,-0.00041811766862170094,11938.598221510649,0.37295725958516657
403,-0.0004142992424242425,11939.403522491455,0.3842708988057825
404,-0.00041048081622678404,11940.19812785089,0.3815603394091766
405,-0.0004066623900293256,11940.979934692383,0.37311439346323066
406,-0.00040284396383186713,11941.74503852427,0.365061282212445
407,-0.0003990255376344087,11942.527789458632,0.36317567567567566
408,-0.00039520711143695023,11943.291851639748,0.35080138277812695
409,-0.0003913886852394918,11944.046781033278,0.3489157762413576
410,-0.0003875702590420333,11944.77762106061,0.36007228158390947
411,-0.0003837518328445749,11945.524914994836,0.35461187932118166
412,-0.0003799334066471164,11946.263009622693,0.3425125707102451
413,-0.00037611498044965797,11946.989510267973,0.3489157762413576
414,-0.0003722965542521995,11947.695868745446,0.34746228786926464
415,-0.00036847812805474106,11948.40606045723,0.3588152105593966
416,-0.0003646597018572826,11949.103779107332,0.37672847265870524
417,-0.00036084127565982394,11949.812710627913,0.37213230672533
418,-0.0003570228494623655,11950.5120626688,0.35402262727844125
419,-0.00035320442326490704,11951.211867406964,0.3529619736015085
420,-0.0003493859970674486,11951.885525852442,0.3646291640477687
421,-0.00034556757086999013,11952.568437114358,0.3671040226272784
422,-0.0003417491446725317,11953.236448645592,0.3583438089252043
423,-0.00033793071847507323,11953.89592845738,0.3433768070395977
424,-0.0003341122922776148,11954.549223646522,0.3410197988686361
425,-0.0003302938660801563,11955.188303664327,0.32892049025769954
426,-0.0003264754398826979,11955.833656400442,0.31725329981143935
427,-0.0003226570136852394,11956.47092731297,0.31304996857322437
428,-0.00031883858748778097,11957.0955491364,0.3075109993714645
429,-0.0003150201612903225,11957.709684744477,0.30621464487743555
430,-0.00031120173509286407,11958.324716955423,0.30334695160276554
431,-0.0003073833088954056,11958.924427703023,0.2943510370835952
432,-0.00030356488269794716,11959.517555505037,0.3004399748585795
433,-0.0002997464565004887,11960.105815693736,0.3021291640477687
434,-0.00029592803030303026,11960.701293110847,0.30656819610307984
435,-0.0002921096041055718,11961.278670415282,0.2984365179132621
436,-0.00028829117790811335,11961.853139519691,0.30421118793211815
437,-0.0002844727517106549,11962.402189835906,0.30558610936517916
438,-0.00028065432551319645,11962.960206314921,0.30432903834066627
439,-0.000276835899315738,11963.518932700157,0.28511942174732874
440,-0.00027301747311827954,11964.060983106494,0.28209459459459457
441,-0.0002691990469208211,11964.597674161196,0.2903834066624764
442,-0.00026538062072336264,11965.113694638014,0.2915619107479573
443,-0.0002615621945259042,11965.636163532734,0.293997485857951
444,-0.00025774376832844574,11966.158312439919,0.2985543683218102
445,-0.0002539253421309873,11966.666208535433,0.301147077309868
446,-0.00025010691593352883,11967.164511576295,0.29262256442489
447,-0.0002462884897360704,11967.653311640024,0.29926147077309867
448,-0.00024247006353861193,11968.141009896994,0.2884978001257071
449,-0.00023865163734115348,11968.622445240617,0.2913654934003771
450,-0.00023483321114369502,11969.097313076258,0.2964330609679447
451,-0.00023101478494623657,11969.556549027562,0.29529384035197986
452,-0.00022719635874877812,11970.008038848639,0.2905405405405405
453,-0.00022337793255131967,11970.454937845469,0.2868478944060339
454,-0.00021955950635386121,11970.89964093268,0.2848444374607165
455,-0.00021574108015640276,11971.346251264215,0.27761627906976744
456,-0.0002119226539589443,11971.757367148995,0.2717237586423633
457,-0.00020810422776148586,11972.186151102185,0.26755971087366437
458,-0.0002042858015640274,11972.60548837483,0.262767127592709
459,-0.00020046737536656895,11973.005392760038,0.26642049025769954
460,-0.0001966489491691105,11973.405275315046,0.26979886863607794
461,-0.00019283052297165205,11973.800245463848,0.25400691389063484
462,-0.0001890120967741936,11974.182510241866,0.24862507856693902
463,-0.00018519367057673515,11974.550326436758,0.2521213073538655
464,-0.0001813752443792767,11974.91219881177,0.2691703331238215
465,-0.00017755681818181824,11975.26330550015,0.26418133249528597
466,-0.0001737383919843598,11975.61283120513,0.26587052168447517
467,-0.00016991996578690134,11975.962097123265,0.269916719044626
468,-0.00016610153958944288,11976.300059914589,0.26500628535512255
469,-0.00016228311339198443,11976.624490201473,0.25887806411062225
470,-0.00015846468719452598,11976.944701343775,0.257071024512885
471,-0.00015464626099706753,11977.259430497885,0.245757385292269
472,-0.00015082783479960908,11977.561758294702,0.23927561282212445
473,-0.00014700940860215062,11977.865948721766,0.23660433689503457
474,-0.00014319098240469217,11978.166879698634,0.23259742300439976
475,-0.00013937255620723372,11978.441363036633,0.234365179132621
476,-0.00013555413000977527,11978.71477279067,0.23499371464487745
477,-0.00013173570381231682,11978.979899674654,0.228708359522313
478,-0.00012791727761485836,11979.246252059937,0.22650848522941547
479,-0.0001240988514173999,11979.505602285266,0.23149748585795096
480,-0.00012028042521994124,11979.745114549994,0.22584066624764298
481,-0.00011646199902248279,11979.981009975076,0.2393541797611565
482,-0.00011264357282502434,11980.213559299707,0.23247957259585167
483,-0.00010882514662756589,11980.448419481516,0.22949402891263357
484,-0.00010500672043010743,11980.658427774906,0.245757385292269
485,-0.00010118829423264898,11980.868098258972,0.23562225015713387
486,-9.736986803519053e-05,11981.07779404521,0.22517284726587053
487,-9.355144183773208e-05,11981.269679486752,0.22619421747328725
488,-8.973301564027363e-05,11981.458427637815,0.23318667504714016
489,-8.591458944281517e-05,11981.628893718123,0.23856851037083596
490,-8.209616324535672e-05,11981.794634312391,0.2352294154619736
491,-7.827773704789827e-05,11981.95230190456,0.24068981772470144
492,-7.445931085043982e-05,11982.111716464162,0.2379399748585795
493,-7.064088465298136e-05,11982.249498054385,0.2476037083595223
494,-6.682245845552291e-05,11982.388053134084,0.24893934632306725
495,-6.300403225806446e-05,11982.510857880116,0.24850722815839094
496,-5.918560606060601e-05,11982.635733544827,0.2382149591451917
497,-5.5367179863147556e-05,11982.751528412104,0.2454431175361408
498,-5.1548753665689104e-05,11982.848680898547,0.23102608422375864
499,-4.773032746823065e-05,11982.955904319882,0.2393541797611565
500,-4.39119012707722e-05,11983.039821863174,0.2470144563167819
501,-4.009347507331375e-05,11983.132698625326,0.24599308610936518
502,-3.6275048875855295e-05,11983.209263592958,0.24882149591451916
503,-3.245662267839684e-05,11983.269268095493,0.24819296040226274
504,-2.863819648093839e-05,11983.327069610357,0.2389220615964802
505,-2.481977028347994e-05,11983.375816851854,0.2456002514142049
506,-2.1001344086021487e-05,11983.420610904694,0.25400691389063484
507,-1.7182917888563035e-05,11983.462623208761,0.25424261470773096
508,-1.3364491691104582e-05,11983.488435208797,0.2621778755499686
509,-9.54606549364613e-06,11983.516578763723,0.2603708359522313
510,-5.727639296187678e-06,11983.466892719269,0.2712130735386549
511,-1.909213098729226e-06,11983.163116768003,0.27392363293526084
