,E,lng(E),H(E)
0,-0.0078125,2492.505390048027,0.7865265582265726
1,-0.0076904296875,2497.934309437871,0.8287030372822801
2,-0.00762939453125,2498.878900721669,0.9170865121635238
3,-0.007568359375,2502.9429026395082,0.8998128688642579
4,-0.00750732421875,2504.5004061609507,1.0
5,-0.0074462890625,2507.6018716841936,0.8223693680725493
6,-0.00738525390625,2509.4815239459276,0.8174751691377573
7,-0.00732421875,2512.164974913001,0.6683460486540953
8,-0.00726318359375,2514.197521224618,0.6556787102346336
9,-0.0072021484375,2516.5854127258062,0.608751979271628
10,-0.00714111328125,2518.6125231981277,0.6730963005613934
11,-0.007080078125,2520.725769981742,0.5765078451129985
12,-0.00701904296875,2522.7305617183447,0.5753562688930474
13,-0.0069580078125,2524.766849026084,0.6795739167986181
14,-0.00689697265625,2526.875810146332,0.47013099179501944
15,-0.0068359375,2528.93536272645,0.5798186267453577
16,-0.00677490234375,2530.795465916395,0.5775154743054556
17,-0.0067138671875,2532.795674800873,0.5271340146825968
18,-0.00665283203125,2534.6555141210556,0.4922988340290773
19,-0.006591796875,2536.646954715252,0.4793436015546279
20,-0.00653076171875,2538.42287927866,0.451129984165827
21,-0.0064697265625,2540.3506917506456,0.4676838923276234
22,-0.00640869140625,2542.236325830221,0.5380739887721319
23,-0.00634765625,2544.042617380619,0.46926730963005614
24,-0.00628662109375,2545.9348933696747,0.501223549733698
25,-0.0062255859375,2547.7448214888573,0.6327911328631064
26,-0.00616455078125,2549.5290462970734,0.6063048798042321
27,-0.006103515625,2551.373088642955,0.5946451705772275
28,-0.00604248046875,2553.1455080658197,0.5943572765222398
29,-0.0059814453125,2554.963330462575,0.7103785806823089
30,-0.00592041015625,2556.706009373069,0.6669065783791565
31,-0.005859375,2558.5363743007183,0.6074564560241831
32,-0.00579833984375,2560.2473764270544,0.6959838779329207
33,-0.0057373046875,2562.0230364203453,0.6874910033107816
34,-0.00567626953125,2563.8045002669096,0.639268749100331
35,-0.005615234375,2565.5759792625904,0.6733841946163812
36,-0.00555419921875,2567.342196673155,0.5377860947171441
37,-0.0054931640625,2569.0734708458185,0.47401756153735425
38,-0.00543212890625,2570.7466938644648,0.5552036850439038
39,-0.00537109375,2572.4665562957525,0.4417734273787246
40,-0.00531005859375,2574.1606996059418,0.4088095580826256
41,-0.0052490234375,2575.8693556785583,0.3584280984597668
42,-0.00518798828125,2577.6517100930214,0.2976824528573485
43,-0.005126953125,2579.398726850748,0.21217791852598245
44,-0.00506591796875,2581.1636949926615,0.21030660716856198
45,-0.0050048828125,2582.844442293048,0.20051820929897798
46,-0.00494384765625,2584.6064210683107,0.16827407514034834
47,-0.0048828125,2586.2406968176365,0.20123794443644738
48,-0.00482177734375,2587.991383984685,0.17259248596516483
49,-0.0047607421875,2589.633626937866,0.173600115157622
50,-0.00469970703125,2591.3159039616585,0.15719015402331943
51,-0.004638671875,2592.977431356907,0.19979847416150856
52,-0.00457763671875,2594.6543301790953,0.19907873902403916
53,-0.0045166015625,2596.3055684119463,0.1970634806391248
54,-0.00445556640625,2597.9898542016745,0.23938390672232618
55,-0.00439453125,2599.586518391967,0.20713977256369656
56,-0.00433349609375,2601.2012058645487,0.26471858356124944
57,-0.0042724609375,2602.7491937875748,0.24787678134446522
58,-0.00421142578125,2604.3334559202194,0.28242406794299696
59,-0.004150390625,2605.9286764860153,0.2999856052972506
60,-0.00408935546875,2607.5737726539373,0.2687491003310782
61,-0.0040283203125,2609.0959472209215,0.32632791132863104
62,-0.00396728515625,2610.609905898571,0.3359723621707212
63,-0.00390625,2612.1343542933464,0.31438030804663886
64,-0.00384521484375,2613.687052473426,0.31106952641427954
65,-0.0037841796875,2615.121663093567,0.29797034691233626
66,-0.00372314453125,2616.64858917892,0.32517633510868
67,-0.003662109375,2618.1364891529083,0.2798330214481071
68,-0.00360107421875,2619.5862559974194,0.278681445228156
69,-0.0035400390625,2621.0381282866,0.2976824528573485
70,-0.00347900390625,2622.445395424962,0.2984021879948179
71,-0.00341796875,2623.82598978281,0.2904851014826544
72,-0.00335693359375,2625.2358765155077,0.3430257665179214
73,-0.0032958984375,2626.5789047032595,0.38246725205124515
74,-0.00323486328125,2627.9149506241083,0.3309342162084353
75,-0.003173828125,2629.2345899790525,0.3225852886137901
76,-0.00311279296875,2630.5808289200068,0.2724917230459191
77,-0.0030517578125,2631.934868454933,0.223693680725493
78,-0.00299072265625,2633.233562245965,0.2221102634230603
79,-0.0029296875,2634.506367623806,0.23348207859507702
80,-0.00286865234375,2635.7738233804703,0.18857060601698575
81,-0.0028076171875,2637.0136253237724,0.16352382323305023
82,-0.00274658203125,2638.203017756343,0.17144090974521375
83,-0.002685546875,2639.415760219097,0.15028069670361308
84,-0.00262451171875,2640.5997816175222,0.16107672376565424
85,-0.0025634765625,2641.8136006444693,0.1556067367208867
86,-0.00250244140625,2642.949766933918,0.15546278969339283
87,-0.00244140625,2644.065496146679,0.14394702749388225
88,-0.00238037109375,2645.1631604135036,0.15834173024327047
89,-0.0023193359375,2646.2319740355015,0.16323592917806248
90,-0.00225830078125,2647.2761432528496,0.15200806103353967
91,-0.002197265625,2648.3015076220036,0.1767669497624874
92,-0.00213623046875,2649.2822957783937,0.18122930761479775
93,-0.0020751953125,2650.2393232882023,0.17820642003742623
94,-0.00201416015625,2651.23792552948,0.15459910752842954
95,-0.001953125,2652.1840007305145,0.14452281560385777
96,-0.00189208984375,2653.055378064513,0.1599251475457032
97,-0.0018310546875,2653.937010347843,0.1557506837483806
98,-0.00177001953125,2654.778731763363,0.17705484381747516
99,-0.001708984375,2655.595282897353,0.18151720166978552
100,-0.00164794921875,2656.4552090018988,0.1890024470994674
101,-0.0015869140625,2657.2302060723305,0.2133294947459335
102,-0.00152587890625,2657.983830958605,0.2092989779761048
103,-0.00146484375,2658.695085287094,0.21966316395566432
104,-0.00140380859375,2659.3856883645058,0.21620843529581113
105,-0.0013427734375,2660.0373011231422,0.22081474017561536
106,-0.00128173828125,2660.662349283695,0.22311789261551748
107,-0.001220703125,2661.2780120670795,0.21764790557074998
108,-0.00115966796875,2661.8568035811186,0.25752123218655537
109,-0.0010986328125,2662.423889800906,0.24514178782208149
110,-0.00103759765625,2662.9666041880846,0.23938390672232618
111,-0.0009765625,2663.491607964039,0.25161940405930616
112,-0.00091552734375,2663.97187307477,0.2691809414135598
113,-0.0008544921875,2664.412422463298,0.286022743630344
114,-0.00079345703125,2664.8280062377453,0.28501511443788685
115,-0.000732421875,2665.2166016101837,0.262847272203829
116,-0.00067138671875,2665.583414271474,0.24946019864689795
117,-0.0006103515625,2665.922321051359,0.2556499208291349
118,-0.00054931640625,2666.237350806594,0.25089966892183674
119,-0.00048828125,2666.500890389085,0.24629336404203253
120,-0.00042724609375,2666.746959373355,0.24917230459191017
121,-0.0003662109375,2666.9543928056955,0.2609759608464085
122,-0.00030517578125,2667.112862199545,0.2527709802792572
123,-0.000244140625,2667.268588721752,0.2547862386641716
124,-0.00018310546875,2667.3743540495634,0.24139916510724055
125,-0.0001220703125,2667.4748326539993,0.24701309917950195
126,-6.103515625e-05,2667.537792354822,0.24269468835468547
127,0.0,2667.509279176593,0.22498920397293795
